4294967279,215
4294967278,385
4294967279,214
4294967294,1422
4294967294,1087
4294967279,212
4294967278,208
4294967279,209
4294967279,208
4294967279,60
4294967279,59
4294967279,58
4294967279,57
4294967279,56
4294967279,55
4294967279,256
4294967279,205
4294967278,203
4294967279,241
4294967294,490
4294967279,203
4294967279,447
4294967294,39
4294967294,19
4294967279,66
4294967279,65
4294967279,64
4294967279,63
4294967279,62
4294967279,61
4294967294,384
4294967294,184
4294967294,182
4294967294,166
4294967294,24
4294967294,175
4294967294,173
4294967294,169
4294967294,170
4294967294,104
4294967294,106
4294967294,160
4294967294,168
4294967294,162
4294967294,1248
4294967279,67
4294967279,69
4294967279,68
4294967278,384
4294967278,196
4294967279,71
4294967279,70
4294967278,195
4294967279,196
4294967279,74
4294967279,73
4294967279,72
4294967278,319
4294967279,83
4294967279,82
4294967279,81
4294967279,80
4294967279,318
4294967279,317
4294967279,76
4294967279,75
4294967279,194
4294967278,192
4294967279,79
4294967279,319
4294967279,77
4294967279,78
4294967278,316
4294967278,189
4294967278,188
25,4
4294967278,187
25,3
25,2
25,1
4294967278,312
4294967294,489
4294967278,186
4294967278,184
4294967278,311
4294967279,91
4294967279,90
4294967279,89
4294967279,87
4294967279,86
4294967279,85
4294967279,84
2,2
4294967278,182
4294967294,488
4294967278,309
4294967279,103
4294967279,102
4294967279,101
4294967279,100
4294967279,99
4294967279,98
4294967279,97
4294967279,96
4294967279,95
4294967279,94
4294967279,93
4294967279,92
4294967278,308
4294967278,307
4294967278,306
4294967294,487
4294967278,175
4294967294,396
4294967294,395
4294967294,187
4294967294,399
4294967294,421
4294967294,1244
4294967294,385
4294967294,415
4294967294,599
4294967294,1083
4294967294,167
4294967294,183
4294967294,398
4294967294,406
4294967294,455
4294967294,180
4294967294,110
4294967294,113
4294967294,400
4294967294,118
4294967294,457
4294967278,305
4294967278,383
4294967279,446
4294967279,104
4294967279,106
4294967279,105
4294967279,110
4294967279,109
4294967279,108
4294967279,107
4294967279,445
4294967278,168
4294967279,123
4294967279,122
4294967279,121
4294967279,120
4294967279,119
4294967279,118
4294967279,117
4294967279,116
4294967279,115
4294967279,114
4294967279,113
4294967279,112
4294967279,111
4294967279,304
24,8
24,6
24,5
4294967279,166
4294967278,166
4294967279,167
4294967278,165
4294967279,444
4294967278,303
23,8
23,6
23,5
4294967278,161
4294967279,164
4294967278,162
4294967278,328
4294967279,163
4294967279,302
4294967294,486
4294967279,161
4294967279,443
4294967278,300
4294967294,485
4294967278,158
4294967278,299
4294967278,6
4294967278,5
4294967278,4
4294967279,132
4294967279,131
4294967279,130
4294967279,129
4294967279,128
4294967279,127
4294967279,126
4294967279,125
4294967279,124
4294967279,301
4294967279,157
4294967278,330
22,8
22,6
22,5
4294967278,154
4294967279,156
4294967278,155
4294967278,326
4294967279,155
4294967279,393
4294967278,298
21,8
21,6
21,5
4294967278,151
4294967279,153
4294967278,152
4294967278,297
4294967279,152
4294967279,392
4294967278,8
4294967278,7
4294967278,296
20,6
4294967278,15
4294967278,14
4294967278,13
4294967278,12
4294967278,11
4294967278,10
4294967278,9
4294967279,150
4294967279,442
4294967278,149
4294967278,325
4294967279,391
4294967278,382
4294967279,148
4294967279,441
4294967278,147
4294967278,324
4294967279,147
4294967279,299
4294967278,295
4294967279,298
4294967278,27
4294967278,26
4294967278,23
4294967278,22
4294967278,21
4294967278,20
4294967278,19
4294967278,18
4294967278,17
4294967278,16
4294967278,294
4294967279,297
4294967278,144
4294967279,296
4294967278,293
4294967279,295
4294967278,291
4294967279,293
4294967278,290
4294967279,294
9,2
4294967278,289
4294967279,292
4294967278,139
4294967279,139
4294967278,138
4294967279,279
4294967278,25
4294967278,137
2,4
4294967279,278
4294967278,24
7,5
7,1
20,5
4294967279,136
4294967278,31
4294967278,30
4294967278,29
4294967278,28
4294967279,135
20,8
20,4
4294967294,484
4294967279,283
4294967279,273
4294967279,272
20,7
4294967279,271
20,3
20,2
20,1
4294967279,270
4294967279,269
5,5
9,4
4294967278,35
4294967278,34
4294967278,33
4294967278,32
4294967279,287
4294967294,390
4294967294,115
4294967294,388
4294967279,286
4294967278,40
4294967278,39
4294967278,38
4294967278,37
4294967278,36
4294967279,385
4294967279,285
4294967278,381
4294967279,440
4294967278,380
4294967279,284
4294967294,483
4294967279,259
4294967279,275
4294967278,379
4294967279,258
4294967279,439
4294967278,378
19,7
19,6
19,5
19,4
19,3
19,2
19,1
4294967278,377
4294967278,45
4294967278,44
4294967278,43
4294967278,42
4294967278,41
4294967279,260
4294967279,174
4294967279,54
